suit1 class
rank1 class
suit2 class
rank2 class
suit3 class
rank3 class
suit4 class
rank4 class
suit5 class
rank5 class

1 0 0.5654219064947631
0 1 0.6691050153665576
0 1 0.8065246103837680
0 1 0.5138455616280579
0 0 0.6852429643433267
0 0 0.8480665221571307
0 0 0.5185874285916269
0 0 0.5215099576313027
1 0 0.7439311693107746
0 0 0.5654358800086375
0 0 0.5998134809631961
0 0 0.5649039948857251
1 0 0.6739954612913643
0 1 0.6970553914805701
0 0 0.6199310312642228
0 0 0.5936549244147764
1 1 0.6455694967962404
0 1 0.5338283958970956
1 0 0.7631035976754822
0 0 0.7064653744105269
0 0 0.7254468741997516
1 1 0.5069545796085625
1 0 0.5152955744817537
1 1 0.6892668907049809
1 1 0.5779547770673897
1 0 0.6248701014998128
1 0 0.5490599887223069
1 0 0.7168565818068618
1 1 0.5168737567332011
0 0 0.5487444677199854
0 0 0.5864003599183611
0 2 0.6301524214923411
0 0 0.6395261632952020
1 1 0.6488813417026850
0 0 0.7175520747650226
0 3 0.5449509286752582
0 0 0.5758150982776410
0 0 0.8790078137244819
0 0 0.6758706938025683
0 1 0.6030331231388102
0 0 0.6532775874953027
0 1 0.6641247282142971
0 1 0.7495449950837934
0 0 0.6781856909145655
0 0 0.6613566299601273
1 1 0.5629962840293573
1 0 0.5020325876834958
0 0 0.6431345372388643
1 1 0.5142606693203857
1 0 0.5004448303815786
0 0 0.6704818148662692
0 0 0.7155531571231545
1 0 0.7245962393502592
0 0 0.7881109560894098
1 0 0.5668710865700989
0 0 0.5790976457292285
1 1 0.6319929358522515
0 0 0.5387411013504367
0 1 0.6309409584786236
1 0 0.5885089327552965
1 0 0.5073881216331281
0 0 0.6654345471445834
0 0 0.6130847557514622
0 1 0.6892135201087936
0 2 0.6028421196885465
0 1 0.7027206868588095
0 3 0.6128165441797785
0 0 0.6091875273602001
0 1 0.7808247843723140
0 0 0.6410107911277373
0 1 0.8155173227693544
0 2 0.5773913562183574
0 0 0.5394191234415072
0 1 0.5305025705747631
0 1 0.7712132466970191
1 0 0.5397742062192469
0 1 0.6816573316062777
0 1 0.5543203109463760
0 0 0.5248545832572410
0 1 0.7732133996098530
0 0 0.5212602008648468
1 0 0.5007198699657238
0 1 0.5441573951117753
1 1 0.6904683607290668
0 1 0.5995973578612236
0 0 0.5583458172543753
0 0 0.5398045494002404
0 1 0.5388710300241958
0 0 0.5936352755144776
1 0 0.5628099880360655
1 0 0.6998056269091463
0 0 0.6071229821038172
1 0 0.5439189249442753
0 1 0.5232389730236913
1 1 0.5363753048716408
0 0 0.5739284790037701
0 1 0.5050483383589723
1 0 0.5121598341459923
0 1 0.5800274167069460
0 1 0.5513186914366722
0 2 0.7009286704871085
1 0 0.7007966328787265
0 0 0.5790386819342936
0 0 0.6872790708123818
0 0 0.8341837453997302
0 0 0.8582024217056914
0 0 0.5853315239400592
0 0 0.5037309848135796
1 0 0.7130242743920584
0 0 0.8073340010517933
0 0 0.7517756494423015
1 1 0.5250825594974496
0 1 0.7338354383225236
0 0 0.6444298084070850
0 1 0.5328989556577551
0 1 0.6181119040206826
0 1 0.5421124456041106
0 0 0.7985184616296684
0 0 0.5174705613839820
0 0 0.7759636323956989
1 0 0.5911159921946373
0 2 0.5653963701650426
0 1 0.8484890138421373
1 1 0.5692289460515119
0 0 0.6750831670816155
0 1 0.6096084956507922
0 0 0.5663795916173477
0 1 0.5297138184517072
0 1 0.7700243063447211
0 1 0.5379644101258494
0 1 0.6570894135939509
1 1 0.5355010628578291
1 5 0.6209828674667419
0 1 0.6970963051669543
0 0 0.6381166878501187
0 0 0.5459783853535465
0 0 0.6606158952010255
1 0 0.5511725441382572
0 1 0.5267561675325674
0 0 0.6231182024809497
0 0 0.7377872312357302
0 0 0.5976949517209669
0 4 0.5428503349002148
0 2 0.6220432910634551
1 1 0.5338087772057495
0 1 0.6807818009132454
0 0 0.8162089030161399
0 0 0.6537065811488053
0 0 0.6865103604676228
1 1 0.5484546208435895
0 0 0.6010939106038794
0 0 0.6279645145128054
1 1 0.6509963771636242
0 0 0.5264171710605998
1 0 0.5342988664855759
0 0 0.6873908745346520
0 0 0.5688783774017876
0 0 0.5330662015948300
1 0 0.5073726116194305
0 1 0.8755718720482168
0 1 0.5573640192101654
0 1 0.6198978698720654
0 1 0.8813895693998569
0 0 0.7040984077715944
0 1 0.7343105247703458
0 0 0.7449992796923572
0 1 0.7490763983323062
0 2 0.6460317186006348
0 1 0.7335340442725429
0 0 0.8288949856425410
0 0 0.6264206620695608
0 1 0.6358517284435465
0 1 0.5917280080415422
0 1 0.7831779122489180
0 0 0.5730795811463640
0 0 0.8967949423321707
0 1 0.8993873545402092
0 1 0.7659185667167668
0 1 0.6234759604783021
0 0 0.5214135086800926
0 0 0.6260610271320699
0 0 0.6759851560639852
0 0 0.5631368367049869
0 1 0.5172190577205261
0 0 0.7925883534285759
0 1 0.7151001361197211
0 0 0.7341459754678776
0 1 0.8393963599384946
0 1 0.6541514447432843
0 1 0.6918997564631980
0 1 0.5924781986223852
1 0 0.5171045958304319
0 0 0.5244300458886891
0 0 0.6511256846457474
0 0 0.5917512913344264
0 0 0.5281144361348554
0 1 0.8159970679743844
0 0 0.5666506033782746
1 0 0.6241892998441034
0 0 0.5909550231139307
0 0 0.6427296673508078
1 0 0.5809423286036781
1 0 0.6188891705211985
1 1 0.5547675605755277
0 0 0.6913683034743152
1 1 0.7208941662976015
1 0 0.7402110834201480
0 1 0.6769704714178651
0 0 0.6707311386625694
0 0 0.6249661412872295
1 0 0.7313213861537501
0 1 0.6681333749421370
0 0 0.7569752539346825
0 0 0.5272590484847240
1 1 0.6672499746246663
0 1 0.5705930341957036
0 1 0.6827795708989850
1 1 0.5478573226045729
1 0 0.5131120070840905
1 1 0.5630807619975493
1 1 0.6088836819806714
1 1 0.5138367134997255
1 1 0.5771755106195826
0 0 0.5245800144211188
1 1 0.5459634662094391
0 1 0.5246683582153642
0 0 0.7393092339093188
1 0 0.5691887708604724
0 0 0.7251242885430668
1 1 0.5291080516849940
0 1 0.5651534369294654
0 1 0.5268789625937260
0 1 0.5279269234536051
1 0 0.8099120536559750
0 0 0.7839950507750127
0 0 0.7792706604935181
1 1 0.5346867811097697
0 0 0.7368131272777463
0 0 0.6496076562594714
0 1 0.5353627972632115
0 1 0.5511035490911672
0 1 0.5042441600345711
0 0 0.5866850390523531
1 0 0.5711035196404568
0 0 0.7247024136664055
0 1 0.5174060294858264
1 0 0.5560559004537103
0 0 0.7015033494088532
0 0 0.6943709402432408
0 0 0.5952674755064109
0 1 0.5821682241157921
0 2 0.8792599820214352
0 1 0.8031575700052439
0 1 0.6091853661737453
1 1 0.5038954391097938
1 1 0.5818839450415199
0 0 0.7882934456047760
0 1 0.7200459933903309
0 0 0.6109525431386280
1 1 0.5535883528723516
0 0 0.6377571405680488
0 1 0.6850257195758240
1 0 0.5311336789733760
1 3 0.5002782944588869
0 0 0.5705326749150961
0 0 0.5753700528619263
0 1 0.6811025910427813
1 0 0.7527673678009503
0 1 0.5593057940062560
1 0 0.5735122702357534
1 1 0.5238863303392995
0 1 0.8663422385030130
0 1 0.5287082495787275
0 1 0.8017264907719841
0 0 0.6203583658026436
0 0 0.6289085488244552
1 0 0.5240120613478881
0 1 0.6955476188654589
0 0 0.6011785552822599
1 1 0.7965067985063131
0 0 0.6613260202437301
1 1 0.7991703661000406
1 1 0.5488159850497946
1 0 0.6078102539136663
1 1 0.5164503666728479
1 1 0.6974158685260304
0 1 0.6262983145533111
1 1 0.6588188027833818
0 0 0.5775335952401219
1 1 0.5633314619068527
0 0 0.6247753829734289
1 1 0.7066845745328535
0 1 0.8821307233198485
0 0 0.5243626415338162
0 1 0.7497266540064611
1 0 0.6181911359825265
0 0 0.7928864177114094
0 0 0.7117922310615485
0 0 0.7952000398036534
1 1 0.6073368887449783
1 1 0.6092208676101748
0 1 0.7709955836267725
1 0 0.6812915259046032
0 0 0.6264732305066657
1 1 0.5618628727454917
0 0 0.6066421758351820
0 1 0.7191698973208642
0 1 0.6350090293605816
0 1 0.5289078006552745
0 0 0.5621713195328423
0 0 0.6230398079317325
1 0 0.5204735737957403
0 1 0.8581178224911946
0 0 0.6209909584951468
1 0 0.6763527707323094
0 0 0.8606776704914559
1 1 0.6383987625150516
0 0 0.8350922371040306
1 0 0.6432354057922698
0 2 0.5554430944682774
0 1 0.5884776256280195
1 1 0.6006757186539977
0 0 0.5832961884607510
0 1 0.6572497823188792
1 0 0.5066296032362010
1 0 0.5263640546739540
0 1 0.6530077295499339
0 1 0.5258667844171019
1 1 0.5797246194755058
1 0 0.5781299303651251
0 0 0.6960913961258841
0 1 0.5090640268522483
1 0 0.6312209094043338
0 0 0.5201210070827678
0 0 0.7952784096332267
1 0 0.7525172041550307
1 0 0.5221917304996299
0 1 0.6580109656832430
1 1 0.6015343345268497
1 1 0.5266014948214565
1 0 0.6453718460738597
1 1 0.5367644407021950
0 0 0.6914574422748446
0 0 0.5055814774651864
0 0 0.6121732784442677
0 0 0.6433180850154266
0 0 0.5661893120048083
0 1 0.6291056875796169
0 1 0.8428110607262606
0 1 0.6187269797199149
0 1 0.6538330499350982
1 0 0.5225225546081551
0 0 0.5021562897538920
0 1 0.6276935700579521
0 0 0.6305998866581930
1 1 0.5299478797302475
0 0 0.5628021917436434
0 0 0.6330257651633805
0 1 0.6766640460401951
0 2 0.7183484419084603
1 0 0.6383585280269605
0 0 0.7415649598029358
1 0 0.5466479917174853
1 1 0.5007556669921560
1 0 0.7223949668034083
1 1 0.5947296149167332
0 0 0.6115298134322094
0 1 0.6747680778271430
1 1 0.5615125337154286
1 2 0.6079153457448158
0 0 0.5597629387622424
0 0 0.7346588605993356
0 1 0.5332605445000379
0 0 0.6693054715141621
1 0 0.5036977721115984
1 0 0.6228040204582957
0 0 0.7164078211628048
1 1 0.6258189632525544
0 0 0.6265098394171447
0 1 0.6466198577005386
1 1 0.5813336438062793
1 1 0.7205949070707816
1 1 0.5169362270329572
0 0 0.6796064910200418
0 0 0.5028710098576064
0 1 0.5884093446931634
0 1 0.6362390235614124
0 0 0.6866981628374921
1 1 0.5512375711530672
0 0 0.6418959409575402
0 0 0.6075176909606110
0 0 0.7864013899507937
0 2 0.5620515711514581
1 2 0.7730268474626453
0 1 0.7090385004713695
0 1 0.6495618966720025
0 0 0.5080319545738283
1 0 0.6099768700358814
0 0 0.5838804173926398
0 1 0.7364002181136605
1 1 0.6470980947652226
1 0 0.5814222300202737
0 1 0.5840807307838820
0 1 0.8412398313398324
0 1 0.6338213430251524
0 1 0.6907714334638929
0 1 0.6650165689331624
0 0 0.6981934202328929
0 1 0.5311764345785960
0 1 0.6417103727780010
1 1 0.5807303200933202
0 1 0.7443894330260288
0 1 0.6659910274839238
0 0 0.5790347987421917
1 0 0.7120104201679431
1 0 0.7386434075401308
1 0 0.5058295847791805
0 1 0.6061335334511919
1 1 0.5321238858985098
1 1 0.5708526442835862
0 1 0.5235403651226670
1 0 0.6667724000447349
0 1 0.5733080494818551
1 1 0.5787804221760533
0 1 0.7712433437293287
0 0 0.5827489911623412
1 0 0.6990612613489529
0 0 0.5704547462110182
0 1 0.7119193060295019
0 0 0.8249688440414795
0 1 0.5579701948056358
0 0 0.5535605233286225
0 1 0.7739526477359361
0 1 0.5473155497970286
1 0 0.6605972516400502
0 0 0.6810022494843277
0 0 0.5972198282142278
0 1 0.6774566069561413
0 0 0.5885934295055977
0 0 0.5408286673671071
0 1 0.7500884615405280
1 1 0.5763680020496182
0 0 0.5980223597152384
0 0 0.6593685029305203
1 1 0.5045680306982482
1 1 0.5700107093612697
0 0 0.6208010451293005
0 0 0.5984088511745224
1 0 0.7280692597727381
0 3 0.6564626645669699
1 1 0.6221890570923289
1 0 0.5439201585747492
0 0 0.6015078796250887
0 2 0.6550976158322476
1 0 0.5763231850357869
1 0 0.6436555760954679
1 0 0.5403985194684032
0 1 0.5844101523944724
0 1 0.6776790461151004
0 1 0.5352071414177474
0 1 0.6076956590673094
0 0 0.5082366086648298
1 0 0.8794473048882906
0 1 0.7130472734097114
1 0 0.5221504101944427
0 1 0.5961963656524458
0 1 0.8123551109098184
0 0 0.5140165104575513
0 0 0.7092651652505594
0 1 0.5705733864282565
0 1 0.8027983725577080
0 2 0.5668829066677805
1 0 0.5282631253123500
0 1 0.6410941852256191
0 1 0.6718615285905895
0 1 0.6738507105546339
0 1 0.6234654919395679
0 1 0.5784428211910355
0 0 0.5197354720879609
0 0 0.5026350762276102
1 0 0.6711130092589330
0 0 0.5040277233597569
0 1 0.6164798848864159
0 1 0.5012847022521207
1 1 0.6558069389120438
0 3 0.6286531956171999
0 2 0.6836437130989510
1 1 0.5796588985813123
1 1 0.8195083558372140
1 0 0.6001875427344383
0 1 0.6953490791390318
1 0 0.6896388485831006
0 1 0.7033348149983998
1 1 0.5074970922672188
0 0 0.5989617648045951
1 0 0.5450053938386181
1 3 0.5751205326532220
1 0 0.6246551523400443
0 1 0.6120756271979170
0 0 0.5038353951262230
0 0 0.5598941250158616
0 0 0.6814550916690472
0 1 0.5194755188971929
0 0 0.5554415335205293
1 0 0.5495477107028884
0 2 0.7006793745831175
1 0 0.7200554519228618
0 0 0.5999091103487481
0 1 0.7176647683425866
0 2 0.5878423703554440
1 1 0.6199795265074698
1 0 0.5567986215402297
0 0 0.5281436804117816
0 1 0.6572895785262750
0 0 0.6005420429494077
1 1 0.5265323658363785
0 1 0.6071319707336064
1 0 0.7207226581585269
0 0 0.6134297335763489
1 0 0.5061854061636152
0 1 0.5972522500596797
0 0 0.6358585345937294
1 3 0.5294502890866795
1 0 0.5255224819393252
0 0 0.6290429444766223
0 3 0.7424860638749787
0 0 0.5535427509922839
0 0 0.5818335256183450
0 1 0.6596970675341406
0 0 0.8523911877226343
0 0 0.6317677890342459
0 0 0.6288077313749236
1 0 0.5226607212566686
0 0 0.6662251286456776
1 2 0.6877826735734645
0 1 0.6794000441253855
1 1 0.6257786777599106
1 1 0.5307484545600020
0 0 0.7008990027285766
0 1 0.5136738888887463
0 1 0.5809210214751093
1 1 0.5150577157903879
0 1 0.7075970908247765
0 0 0.5557696272524780
0 0 0.7685048779234165
0 1 0.5906171137774870
1 1 0.6727882416753176
0 1 0.5939564979886524
0 1 0.6303888094592409
0 0 0.8505496061136502
1 0 0.5229085058503630
0 1 0.5587214215743478
0 1 0.6927625221740976
1 0 0.5814558777735758
0 2 0.5189759514171327
1 0 0.6114052204198455
0 0 0.5670374448896593
1 0 0.6312194417996859
0 1 0.7900893963344757
0 1 0.5712532880392563
1 0 0.5928152702235783
0 0 0.5567885328281229
0 3 0.6830341291901152
0 1 0.5192822785796046

275
