USPS	GEOID	ALAND	AWATER	ALAND_SQMI	AWATER_SQMI	INTPTLAT	INTPTLONG                                                                                                                             
AL	0101	15713026281	2275882448	    6066.834	     878.723	 31.002052	 -87.787972                                                                                                                         
AL	0102	26266692521	306846884	   10141.627	     118.474	 31.702085	 -86.076842                                                                                                                          
AL	0103	19538947327	470563663	    7544.030	     181.686	 33.150564	 -85.700228                                                                                                                          
AL	0104	23022866978	572885003	    8889.179	     221.192	 34.118180	 -87.213808                                                                                                                          
AL	0105	9524262561	461158047	    3677.338	     178.054	 34.755074	 -86.710163                                                                                                                           
AL	0106	10803479813	176071775	    4171.247	      67.982	 33.260212	 -86.713427                                                                                                                          
AL	0107	26304093951	330576867	   10156.068	     127.636	 32.449235	 -87.640501                                                                                                                          
AK	0200	1477946338495	245391672906	  570638.296	   94746.259	 63.346191	-152.837069                                                                                                                     
AZ	0401	142550296795	354326243	   55038.980	     136.806	 34.971013	-110.725925                                                                                                                         
AZ	0402	20300724551	138380234	    7838.154	      53.429	 31.916618	-109.938728                                                                                                                          
AZ	0403	40633375850	8411271	   15688.635	       3.248	 32.423816	-112.402590                                                                                                                            
AZ	0404	85986138620	503963005	   33199.435	     194.581	 34.590918	-113.204528                                                                                                                          
AZ	0405	760241568	2272683	     293.531	       0.877	 33.339708	-111.712452                                                                                                                              
AZ	0406	1618585153	10779717	     624.939	       4.162	 33.665518	-111.888589                                                                                                                            
AZ	0407	530617544	1645136	     204.873	       0.635	 33.427819	-112.118768                                                                                                                              
AZ	0408	1398012598	4391235	     539.776	       1.695	 33.695581	-112.299574                                                                                                                             
AZ	0409	426482311	3389600	     164.666	       1.309	 33.406007	-111.949996                                                                                                                              
AR	0501	50035024220	1235265144	   19318.632	     476.939	 35.293909	 -91.258306                                                                                                                         
AR	0502	12894843907	303337813	    4978.727	     117.119	 35.099526	 -92.379265                                                                                                                          
AR	0503	13983476340	375017958	    5399.051	     144.795	 36.138288	 -94.062449                                                                                                                          
AR	0504	57855934634	1048904358	   22338.302	     404.984	 34.224191	 -93.221121                                                                                                                         
CA	0601	72745820349	1947859056	   28087.319	     752.073	 40.731988	-121.510516                                                                                                                         
CA	0602	33546458437	4122538872	   12952.361	    1591.721	 40.094059	-123.464974                                                                                                                         
CA	0603	16016009350	456718941	    6183.816	     176.340	 39.031952	-122.089573                                                                                                                          
CA	0604	33247296220	858147109	   12836.853	     331.332	 37.982452	-119.927973                                                                                                                          
CA	0605	4482867913	318962871	    1730.845	     123.152	 38.515806	-122.462559                                                                                                                           
CA	0606	453510665	11103487	     175.101	       4.287	 38.594033	-121.479768                                                                                                                             
CA	0607	1421426289	13615373	     548.816	       5.257	 38.479477	-121.215371                                                                                                                            
CA	0608	85126210480	450307265	   32867.415	     173.865	 35.662557	-116.819546                                                                                                                          
CA	0609	3242797049	136796396	    1252.051	      52.817	 38.010873	-121.307147                                                                                                                           
CA	0610	4710544130	59087113	    1818.751	      22.814	 37.586366	-121.054083                                                                                                                            
CA	0611	1278249894	92424585	     493.535	      35.685	 37.903869	-122.000933                                                                                                                            
CA	0612	101086657	211580326	      39.030	      81.692	 37.785514	-122.434000                                                                                                                            
CA	0613	250595885	127431128	      96.756	      49.201	 37.778962	-122.239248                                                                                                                            
CA	0614	672277732	827548174	     259.568	     319.518	 37.574676	-122.494794                                                                                                                            
CA	0615	1552875750	69374049	     599.569	      26.785	 37.657136	-121.836245                                                                                                                            
CA	0616	7354278768	118616551	    2839.503	      45.798	 37.108653	-120.518867                                                                                                                           
CA	0617	477488962	24431172	     184.360	       9.433	 37.441028	-121.966578                                                                                                                             
CA	0618	1803034371	329896892	     696.155	     127.374	 37.202132	-122.153712                                                                                                                           
CA	0619	2372242343	15213802	     915.928	       5.874	 37.216236	-121.529023                                                                                                                            
CA	0620	12624185548	1574913163	    4874.225	     608.077	 36.373286	-121.275218                                                                                                                         
CA	0621	17430392398	35944103	    6729.912	      13.878	 36.086714	-119.851500                                                                                                                           
CA	0622	3017827354	9715410	    1165.190	       3.751	 36.476861	-119.389551                                                                                                                             
CA	0623	25636042190	100586550	    9898.132	      38.837	 35.610684	-118.539057                                                                                                                          
CA	0624	17832799687	3683662579	    6885.283	    1422.270	 34.919633	-120.112845                                                                                                                         
CA	0625	4378760030	30951865	    1690.649	      11.951	 34.588060	-118.280269                                                                                                                            
CA	0626	2432374538	807090323	     939.145	     311.619	 34.167023	-119.129955                                                                                                                           
CA	0627	1812793199	7559686	     699.923	       2.919	 34.265083	-117.934887                                                                                                                             
CA	0628	565796998	2415551	     218.455	       0.933	 34.250058	-118.291452                                                                                                                              
CA	0629	238367009	1621911	      92.034	       0.626	 34.266695	-118.430313                                                                                                                              
CA	0630	352103956	5012017	     135.948	       1.935	 34.201873	-118.546956                                                                                                                              
CA	0631	565007001	6412076	     218.150	       2.476	 34.109675	-117.353329                                                                                                                              
CA	0632	321774529	5320498	     124.238	       2.054	 34.089564	-117.914142                                                                                                                              
CA	0633	747448594	489617624	     288.592	     189.042	 34.047000	-118.783135                                                                                                                            
CA	0634	123458364	784655	      47.668	       0.303	 34.074655	-118.228269                                                                                                                               
CA	0635	437439791	309741	     168.896	       0.120	 34.044570	-117.583212                                                                                                                               
CA	0636	15313284807	201938200	    5912.493	      77.969	 33.730013	-115.739337                                                                                                                          
CA	0637	143131706	351787	      55.263	       0.136	 34.016897	-118.371764                                                                                                                               
CA	0638	262667699	3822532	     101.417	       1.476	 33.939479	-118.062604                                                                                                                              
CA	0639	529385490	3117073	     204.397	       1.204	 33.940378	-117.834936                                                                                                                              
CA	0640	149406790	1743217	      57.686	       0.673	 33.969867	-118.179207                                                                                                                              
CA	0641	819873792	4240410	     316.555	       1.637	 33.918075	-117.297420                                                                                                                              
CA	0642	2424227185	44673127	     935.999	      17.248	 33.679953	-117.227523                                                                                                                            
CA	0643	186580212	555896	      72.039	       0.215	 33.903110	-118.336303                                                                                                                               
CA	0644	205536404	66883685	      79.358	      25.824	 33.818750	-118.250983                                                                                                                             
CA	0645	855913031	5327953	     330.470	       2.057	 33.714258	-117.668355                                                                                                                              
CA	0646	185673009	2402661	      71.689	       0.928	 33.790804	-117.896363                                                                                                                              
CA	0647	560002790	1176469688	     216.218	     454.238	 33.367336	-118.480709                                                                                                                           
CA	0648	377328407	282589732	     145.687	     109.109	 33.622910	-117.905096                                                                                                                            
CA	0649	1432623041	512378639	     553.139	     197.831	 33.314786	-117.379519                                                                                                                           
CA	0650	7219205047	43666727	    2787.351	      16.860	 33.113548	-116.622590                                                                                                                            
CA	0651	12410188755	870584665	    4791.601	     336.135	 32.996249	-115.525421                                                                                                                          
CA	0652	691527661	296833864	     267.000	     114.608	 32.857173	-117.165337                                                                                                                            
CA	0653	350757638	6842137	     135.428	       2.642	 32.718314	-117.031482                                                                                                                              
CO	0801	491987823	7057884	     189.958	       2.725	 39.732286	-104.908758                                                                                                                              
CO	0802	19517171072	235702876	    7535.622	      91.005	 40.137084	-105.709084                                                                                                                          
CO	0803	128801006581	388542092	   49730.349	     150.017	 38.743254	-107.344849                                                                                                                         
CO	0804	98686018168	435843057	   38102.886	     168.280	 39.070683	-103.413853                                                                                                                          
CO	0805	18818285227	61264203	    7265.781	      23.654	 38.815408	-105.344151                                                                                                                           
CO	0806	1227588153	22111653	     473.974	       8.537	 39.755088	-104.765351                                                                                                                            
CO	0807	886374748	24940809	     342.231	       9.630	 39.826150	-105.042224                                                                                                                             
CT	0901	1749409154	51351303	     675.451	      19.827	 41.928463	 -73.017383                                                                                                                            
CT	0902	5148623217	297839616	    1987.895	     114.997	 41.653687	 -72.206509                                                                                                                           
CT	0903	1218123124	68645344	     470.320	      26.504	 41.385688	 -72.877302                                                                                                                            
CT	0904	1193371808	214388570	     460.763	      82.776	 41.196801	 -73.388514                                                                                                                           
CT	0905	3232924723	87367292	    1248.239	      33.733	 41.694323	 -73.209998                                                                                                                            
CT	09ZZ	0	1095331974	       0.000	     422.910	 41.166607	 -72.842465                                                                                                                                   
DE	1000	5047105127	1398742998	    1948.698	     540.058	 38.998538	 -75.441662                                                                                                                          
DC	1198	158364990	18633403	      61.145	       7.194	 38.904103	 -77.017229                                                                                                                             
FL	1201	10404041286	1921180639	    4017.023	     741.772	 30.662801	 -86.662466                                                                                                                         
FL	1202	22309020193	3787038975	    8613.561	    1462.184	 30.282709	 -84.730377                                                                                                                         
FL	1203	18924328909	1443486198	    7306.725	     557.333	 29.834624	 -82.735829                                                                                                                         
FL	1204	4859795621	587464913	    1876.378	     226.821	 30.427243	 -81.861153                                                                                                                           
FL	1205	3510750927	466830244	    1355.509	     180.244	 29.385203	 -81.751210                                                                                                                           
FL	1206	6493690835	1789304336	    2507.228	     690.854	 29.457632	 -81.351825                                                                                                                          
FL	1207	1330795295	166994670	     513.823	      64.477	 28.725709	 -81.219620                                                                                                                           
FL	1208	4537004521	1710091827	    1751.747	     660.270	 28.164649	 -80.698906                                                                                                                          
FL	1209	4421754194	521023417	    1707.249	     201.168	 28.131810	 -81.201653                                                                                                                           
FL	1210	2927356889	697336498	    1130.259	     269.243	 28.516023	 -81.741177                                                                                                                           
FL	1211	6510979548	1027597335	    2513.903	     396.758	 28.858566	 -82.241463                                                                                                                          
FL	1212	2291185310	475526115	     884.632	     183.602	 28.268718	 -82.491773                                                                                                                           
FL	1213	481831648	600687939	     186.036	     231.927	 27.865758	 -82.747827                                                                                                                            
FL	1214	687483907	665984370	     265.439	     257.138	 27.833618	 -82.512718                                                                                                                            
FL	1215	2119985736	145652184	     818.531	      56.237	 28.044141	 -82.078704                                                                                                                           
FL	1216	2267480986	823562757	     875.479	     317.979	 27.310201	 -82.421319                                                                                                                           
FL	1217	16497970863	1871188672	    6369.902	     722.470	 27.299823	 -81.544202                                                                                                                         
FL	1218	3917848951	979157081	    1512.690	     378.055	 27.138361	 -80.379500                                                                                                                           
FL	1219	1943097018	1597472727	     750.234	     616.788	 26.431625	 -81.906768                                                                                                                          
FL	1220	6283742249	702360339	    2426.167	     271.183	 26.508924	 -80.677096                                                                                                                           
FL	1221	676243090	8800785	     261.099	       3.398	 26.468478	 -80.211113                                                                                                                              
FL	1222	447767785	483588289	     172.884	     186.714	 26.403288	 -80.077788                                                                                                                            
FL	1223	433683301	300316284	     167.446	     115.953	 26.073606	 -80.346007                                                                                                                            
FL	1224	274835160	36847686	     106.114	      14.227	 25.907101	 -80.219126                                                                                                                             
FL	1225	8375266427	386742957	    3233.709	     149.322	 26.022820	 -81.081249                                                                                                                           
FL	1226	5435281215	7255131098	    2098.574	    2801.222	 25.142631	 -81.027707                                                                                                                          
FL	1227	541609936	954825589	     209.117	     368.660	 25.573180	 -80.306097                                                                                                                            
GA	1301	20880734361	2248723578	    8062.097	     868.237	 31.317438	 -81.942545                                                                                                                         
GA	1302	24931996996	449447372	    9626.298	     173.533	 31.816237	 -84.419031                                                                                                                          
GA	1303	9935642339	215289310	    3836.173	      83.124	 33.150522	 -84.728664                                                                                                                           
GA	1304	1286295892	22908651	     496.642	       8.845	 33.699600	 -84.050563                                                                                                                            
GA	1305	686233909	5100404	     264.956	       1.969	 33.706985	 -84.401119                                                                                                                              
GA	1306	774046187	14122487	     298.861	       5.453	 34.013047	 -84.345680                                                                                                                             
GA	1307	1016917582	25618480	     392.634	       9.891	 34.040192	 -84.082959                                                                                                                            
GA	1308	22576437686	354972977	    8716.812	     137.056	 31.779807	 -83.451511                                                                                                                          
GA	1309	13496387535	412947645	    5210.985	     159.440	 34.506113	 -83.687050                                                                                                                          
GA	1310	18374795796	469246252	    7094.549	     181.177	 33.424206	 -83.062309                                                                                                                          
GA	1311	2774576062	69102200	    1071.270	      26.681	 34.180432	 -84.651494                                                                                                                            
GA	1312	21201485836	375889494	    8185.940	     145.132	 32.413331	 -82.223842                                                                                                                          
GA	1313	1849893422	25863234	     714.248	       9.986	 33.629827	 -84.568775                                                                                                                            
GA	1314	9384315442	51592866	    3623.305	      19.920	 34.430586	 -85.097876                                                                                                                            
HI	1501	541433186	456670649	     209.049	     176.322	 21.322640	-157.905954                                                                                                                            
HI	1502	16092700286	11321053767	    6213.427	    4371.083	 19.828171	-155.495040                                                                                                                        
ID	1601	102093841972	1316117424	   39418.654	     508.156	 45.296750	-116.035842                                                                                                                        
ID	1602	111948989280	1081502469	   43223.748	     417.570	 43.443932	-113.364265                                                                                                                        
IL	1701	669268355	2127354	     258.406	       0.821	 41.546671	 -87.835747                                                                                                                              
IL	1702	2798908521	25364917	    1080.665	       9.793	 41.256208	 -87.790115                                                                                                                            
IL	1703	614092706	12799708	     237.103	       4.942	 41.678977	 -87.891975                                                                                                                             
IL	1704	135857813	889689	      52.455	       0.344	 41.831869	 -87.710024                                                                                                                               
IL	1705	248167134	1377952	      95.818	       0.532	 41.930366	 -87.830902                                                                                                                              
IL	1706	981206645	27262385	     378.846	      10.526	 42.175103	 -88.219876                                                                                                                             
IL	1707	161935704	4773294	      62.524	       1.843	 41.863332	 -87.732122                                                                                                                              
IL	1708	532292872	10747820	     205.519	       4.150	 42.009666	 -88.096644                                                                                                                             
IL	1709	272940465	1558242	     105.383	       0.602	 42.052684	 -87.810185                                                                                                                              
IL	1710	776447458	31669301	     299.788	      12.228	 42.280008	 -87.939932                                                                                                                             
IL	1711	727505350	14393991	     280.891	       5.558	 41.642798	 -88.145949                                                                                                                             
IL	1712	12971361001	462655606	    5008.271	     178.632	 37.993307	 -89.427891                                                                                                                          
IL	1713	15005445873	215865613	    5793.635	      83.346	 39.515635	 -89.519842                                                                                                                          
IL	1714	4137784871	62451338	    1597.608	      24.113	 42.025547	 -88.445853                                                                                                                            
IL	1715	38062213848	353578884	   14695.904	     136.518	 38.905169	 -88.442079                                                                                                                          
IL	1716	20506303303	180730724	    7917.528	      69.781	 41.391523	 -88.799197                                                                                                                          
IL	1717	17956603398	338969478	    6933.084	     130.877	 41.389467	 -90.218653                                                                                                                          
IL	1718	27236501013	382224178	   10516.072	     147.578	 40.227184	 -90.069118                                                                                                                          
IL	17ZZ	57881	4071165966	       0.022	    1571.886	 41.886307	 -87.613529                                                                                                                               
IN	1801	2996689840	624729701	    1157.028	     241.209	 41.497034	 -87.179817                                                                                                                           
IN	1802	10252900076	132018111	    3958.667	      50.972	 41.248724	 -86.236798                                                                                                                          
IN	1803	10826767442	135312883	    4180.238	      52.245	 41.096795	 -85.236277                                                                                                                          
IN	1804	16452896591	68061594	    6352.499	      26.279	 40.381088	 -86.859412                                                                                                                           
IN	1805	4985231367	40954042	    1924.809	      15.812	 40.248632	 -85.869599                                                                                                                            
IN	1806	16075649515	106608469	    6206.843	      41.162	 39.475219	 -85.376338                                                                                                                          
IN	1807	787140388	4748773	     303.917	       1.834	 39.746873	 -86.139006                                                                                                                              
IN	1808	18792405027	277641845	    7255.788	     107.198	 38.733017	 -87.199347                                                                                                                          
IN	1809	11620857452	145811939	    4486.838	      56.298	 38.782941	 -86.212293                                                                                                                          
IA	1901	31206210006	228642475	   12048.786	      88.279	 42.527760	 -91.896123                                                                                                                          
IA	1902	31758345975	431494396	   12261.966	     166.601	 41.208515	 -92.149188                                                                                                                          
IA	1903	22765146940	153087143	    8789.673	      59.107	 41.209543	 -94.640381                                                                                                                          
IA	1904	58937778712	264745073	   22756.005	     102.219	 42.628638	 -94.645098                                                                                                                          
KS	2001	136083658508	594784170	   52542.197	     229.647	 38.731595	 -99.408037                                                                                                                         
KS	2002	36631037175	530219778	   14143.323	     204.719	 38.482278	 -95.424640                                                                                                                          
KS	2003	1961346008	33224585	     757.280	      12.828	 38.895004	 -94.790643                                                                                                                            
KS	2004	37076641119	188668258	   14315.372	      72.845	 37.554465	 -97.743983                                                                                                                          
KY	2101	31293390163	1224895056	   12082.446	     472.935	 37.084603	 -87.184938                                                                                                                         
KY	2102	18590760488	399959933	    7177.933	     154.425	 37.544621	 -85.990490                                                                                                                          
KY	2103	827228829	41535215	     319.395	      16.037	 38.189221	 -85.697271                                                                                                                             
KY	2104	11334285918	290203822	    4376.192	     112.048	 38.568973	 -84.437006                                                                                                                          
KY	2105	29095485548	313027357	   11233.830	     120.861	 37.368828	 -83.521898                                                                                                                          
KY	2106	11125102078	119861708	    4295.426	      46.279	 38.053447	 -84.154778                                                                                                                          
LA	2201	10439396669	14395703699	    4030.674	    5558.213	 29.650554	 -89.880453                                                                                                                        
LA	2202	3285411614	522155120	    1268.505	     201.605	 30.046744	 -90.568499                                                                                                                           
LA	2203	18087440399	5595387465	    6983.600	    2160.391	 29.929615	 -92.442361                                                                                                                         
LA	2204	32209264435	1107931303	   12436.067	     427.775	 31.792047	 -93.179606                                                                                                                         
LA	2205	37434105215	1114287011	   14453.389	     430.229	 31.766446	 -91.823524                                                                                                                         
LA	2206	10447602619	1012437654	    4033.842	     390.904	 30.295781	 -91.008526                                                                                                                         
ME	2301	8511484178	4734294259	    3286.303	    1827.921	 43.837732	 -69.939068                                                                                                                          
ME	2302	71374290758	7014266805	   27557.769	    2708.224	 45.480446	 -69.056071                                                                                                                         
MD	2401	10300761240	4036014271	    3977.146	    1558.314	 38.768471	 -75.958886                                                                                                                         
MD	2402	902930408	440381767	     348.623	     170.032	 39.339519	 -76.428702                                                                                                                            
MD	2403	788547078	252321735	     304.460	      97.422	 39.157221	 -76.676863                                                                                                                            
MD	2404	771344292	48249870	     297.818	      18.629	 39.056247	 -76.592471                                                                                                                             
MD	2405	3837152337	2069385210	    1481.533	     798.994	 38.471817	 -76.712036                                                                                                                          
MD	2406	5055929740	98328889	    1952.105	      37.965	 39.537614	 -78.884335                                                                                                                            
MD	2407	1264536007	14751870	     488.240	       5.696	 39.286810	 -76.996552                                                                                                                            
MD	2408	2226216466	24164984	     859.547	       9.330	 39.422297	 -77.242003                                                                                                                            
MA	2501	6087286879	129397696	    2350.315	      49.961	 42.331042	 -72.864180                                                                                                                           
MA	2502	4216564942	221665872	    1628.025	      85.586	 42.385042	 -72.118691                                                                                                                           
MA	2503	1962575051	76203449	     757.754	      29.422	 42.589515	 -71.572828                                                                                                                            
MA	2504	1730872501	86459561	     668.294	      33.382	 41.997215	 -71.227536                                                                                                                            
MA	2505	686614096	58509767	     265.103	      22.591	 42.355366	 -71.298440                                                                                                                             
MA	2506	1364317936	864176425	     526.766	     333.660	 42.617112	 -70.885391                                                                                                                           
MA	2507	162473270	97425176	      62.731	      37.616	 42.316688	 -71.009442                                                                                                                             
MA	2508	845478509	447479738	     326.441	     172.773	 42.194734	 -70.944005                                                                                                                            
MA	2509	3149242726	5148998637	    1215.929	    1988.040	 41.690360	 -70.494314                                                                                                                          
MI	2601	64823251194	75783538262	   25028.398	   29260.189	 46.157305	 -86.436912                                                                                                                        
MI	2602	8507367969	7462252333	    3284.713	    2881.192	 43.397541	 -86.318863                                                                                                                          
MI	2603	6810499317	177748440	    2629.549	      68.629	 42.720027	 -85.237276                                                                                                                           
MI	2604	21906541533	520883669	    8458.163	     201.114	 43.731553	 -84.750399                                                                                                                          
MI	2605	6083579622	4835388655	    2348.883	    1866.954	 44.081876	 -83.690011                                                                                                                          
MI	2606	9188370960	4065699318	    3547.650	    1569.775	 42.164052	 -86.156052                                                                                                                          
MI	2607	10949926008	526908508	    4227.790	     203.441	 42.093608	 -84.304955                                                                                                                          
MI	2608	3893103537	99752492	    1503.136	      38.515	 42.647773	 -83.945354                                                                                                                            
MI	2609	475658444	13179295	     183.653	       5.089	 42.529660	 -83.054722                                                                                                                             
MI	2610	10727947217	5439803225	    4142.084	    2100.320	 43.455904	 -82.882407                                                                                                                         
MI	2611	1085446544	55801941	     419.093	      21.545	 42.530002	 -83.453996                                                                                                                            
MI	2612	1044089809	71946879	     403.125	      27.779	 42.205152	 -83.449841                                                                                                                            
MI	2613	478784802	5411425	     184.860	       2.089	 42.380381	 -83.312553                                                                                                                              
MI	2614	480908598	97628209	     185.680	      37.694	 42.389224	 -82.921841                                                                                                                             
MI	26ZZ	0	4875243120	       0.000	    1882.342	 42.636317	 -86.544742                                                                                                                                   
MN	2701	31014152686	539985246	   11974.632	     208.489	 43.898939	 -93.711742                                                                                                                          
MN	2702	6314597520	243142780	    2438.080	      93.878	 44.478968	 -92.853042                                                                                                                           
MN	2703	1365133848	144420539	     527.081	      55.761	 44.995880	 -93.528620                                                                                                                           
MN	2704	861425138	84706367	     332.598	      32.705	 45.002713	 -92.977366                                                                                                                             
MN	2705	351510165	16642555	     135.719	       6.426	 44.981013	 -93.296359                                                                                                                             
MN	2706	7464777770	404568113	    2882.167	     156.205	 45.336807	 -93.852055                                                                                                                           
MN	2707	86584437209	5042010384	   33430.440	    1946.731	 46.553020	 -95.675905                                                                                                                         
MN	2708	72280157559	12449248665	   27907.526	    4806.682	 47.250340	 -92.963868                                                                                                                        
MS	2801	27383797448	408991883	   10572.944	     157.913	 34.197518	 -89.003512                                                                                                                          
MS	2802	40280272922	959085891	   15552.301	     370.305	 33.176330	 -90.350829                                                                                                                          
MS	2803	33032795123	342924091	   12754.034	     132.404	 32.014930	 -89.740589                                                                                                                          
MS	2804	20835103731	2217384456	    8044.479	     856.137	 30.994186	 -89.090334                                                                                                                         
MO	2901	583673927	27126111	     225.358	      10.473	 38.728386	 -90.296228                                                                                                                             
MO	2902	1206406434	37418577	     465.796	      14.447	 38.602970	 -90.532337                                                                                                                            
MO	2903	17745436539	368131837	    6851.552	     142.137	 38.578171	 -91.563185                                                                                                                          
MO	2904	37311563597	745100676	   14406.076	     287.685	 38.282425	 -93.318995                                                                                                                          
MO	2905	6281339584	89724655	    2425.239	      34.643	 39.141446	 -93.783936                                                                                                                            
MO	2906	47134020177	527100043	   18198.548	     203.514	 39.948014	 -93.293542                                                                                                                          
MO	2907	16246596751	248400655	    6272.846	      95.908	 36.991061	 -93.706352                                                                                                                          
MO	2908	51543589873	444586815	   19901.092	     171.656	 37.194128	 -90.934515                                                                                                                          
MT	3000	376964776680	3868193267	  145546.920	    1493.518	 47.051177	-109.634817                                                                                                                        
NE	3101	22996552423	249252681	    8879.019	      96.237	 41.374459	 -96.828662                                                                                                                          
NE	3102	1320334610	43372086	     509.784	      16.746	 41.228622	 -96.160905                                                                                                                            
NE	3103	174655542739	1063670008	   67434.885	     410.685	 41.539473	-100.222969                                                                                                                        
NV	3201	270624134	16683	     104.489	       0.006	 36.133543	-115.151542                                                                                                                                
NV	3202	144600357804	1316079286	   55830.513	     508.141	 40.651151	-117.329684                                                                                                                        
NV	3203	7378105732	103447326	    2848.703	      39.941	 35.663194	-115.153967                                                                                                                           
NV	3204	132083026429	628297894	   50997.544	     242.587	 38.085647	-116.026496                                                                                                                         
NH	3301	6381144596	625513419	    2463.774	     241.512	 43.464959	 -71.200405                                                                                                                           
NH	3302	16806881512	400677019	    6489.174	     154.702	 43.764178	 -71.721399                                                                                                                          
NJ	3401	906592881	51952358	     350.037	      20.059	 39.791988	 -75.058030                                                                                                                             
NJ	3402	5419985905	2031556045	    2092.668	     784.388	 39.392647	 -74.908673                                                                                                                          
NJ	3403	2330128389	619956529	     899.668	     239.367	 39.898922	 -74.476374                                                                                                                           
NJ	3404	1792058621	48806003	     691.918	      18.844	 40.165313	 -74.316741                                                                                                                            
NJ	3405	2567585494	83505352	     991.350	      32.242	 41.186250	 -74.828137                                                                                                                            
NJ	3406	557538215	503814232	     215.267	     194.524	 40.354920	 -74.202649                                                                                                                            
NJ	3407	2512723917	47207825	     970.168	      18.227	 40.631748	 -74.789504                                                                                                                            
NJ	3408	141733826	37427246	      54.724	      14.451	 40.723043	 -74.108591                                                                                                                             
NJ	3409	246915922	19228539	      95.335	       7.424	 40.860782	 -74.073824                                                                                                                             
NJ	3410	196662389	12863200	      75.932	       4.967	 40.708964	 -74.209045                                                                                                                             
NJ	3411	1308416001	68782323	     505.182	      26.557	 40.902057	 -74.450462                                                                                                                            
NJ	3412	1067734223	18347466	     412.255	       7.084	 40.374219	 -74.574055                                                                                                                            
NM	3501	11914085488	17975697	    4600.054	       6.940	 34.771562	-106.051091                                                                                                                           
NM	3502	185805163025	418245836	   71739.778	     161.486	 33.385320	-106.299459                                                                                                                         
NM	3503	116442177819	319452471	   44958.578	     123.341	 36.009834	-105.831875                                                                                                                         
NY	3601	1683486679	3359897981	     649.998	    1297.264	 40.983885	 -72.549522                                                                                                                          
NY	3602	470635209	374797482	     181.713	     144.710	 40.685329	 -73.288487                                                                                                                            
NY	3603	660290869	301947096	     254.940	     116.582	 40.860496	 -73.505379                                                                                                                            
NY	3604	287194430	168289425	     110.886	      64.977	 40.636948	 -73.605910                                                                                                                            
NY	3605	134524364	184532186	      51.940	      71.248	 40.596562	 -73.827212                                                                                                                            
NY	3606	77166989	711425	      29.794	       0.275	 40.734862	 -73.823455                                                                                                                                
NY	3607	41806002	2675060	      16.141	       1.033	 40.690978	 -73.910649                                                                                                                               
NY	3608	74744000	46974581	      28.859	      18.137	 40.621438	 -73.911077                                                                                                                              
NY	3609	40267196	502409	      15.547	       0.194	 40.642184	 -73.947201                                                                                                                                
NY	3610	36379646	23229782	      14.046	       8.969	 40.703036	 -74.006678                                                                                                                              
NY	3611	169861399	126902111	      65.584	      48.997	 40.566974	 -74.126314                                                                                                                            
NY	3612	38311108	7282926	      14.792	       2.812	 40.751026	 -73.950420                                                                                                                               
NY	3613	26315652	7203614	      10.161	       2.781	 40.838862	 -73.932982                                                                                                                               
NY	3614	73725753	39260843	      28.466	      15.159	 40.809782	 -73.837004                                                                                                                              
NY	3615	37598152	6263939	      14.517	       2.419	 40.824067	 -73.891157                                                                                                                               
NY	3616	202993290	76385505	      78.376	      29.493	 40.939735	 -73.791088                                                                                                                             
NY	3617	990927520	149926159	     382.599	      57.887	 41.159532	 -73.919355                                                                                                                            
NY	3618	3505386191	162160235	    1353.437	      62.610	 41.411657	 -74.080981                                                                                                                           
NY	3619	20556949456	430653891	    7937.083	     166.276	 42.227811	 -74.425633                                                                                                                          
NY	3620	3189342922	81980459	    1231.412	      31.653	 42.748882	 -73.988366                                                                                                                            
NY	3621	39147329059	3339511976	   15114.869	    1289.393	 44.008384	 -74.609231                                                                                                                         
NY	3622	13150575882	386910918	    5077.466	     149.387	 42.870701	 -75.662664                                                                                                                          
NY	3623	19092559559	1602400181	    7371.679	     618.690	 42.344244	 -77.845808                                                                                                                         
NY	3624	6186436469	3271882478	    2388.597	    1263.281	 43.210319	 -76.648094                                                                                                                          
NY	3625	1321405516	1831736465	     510.198	     707.237	 43.323395	 -77.715489                                                                                                                          
NY	3626	567556897	35634220	     219.135	      13.758	 42.961825	 -78.840983                                                                                                                             
NY	3627	10290370344	3222844351	    3973.134	    1244.347	 43.000850	 -78.316882                                                                                                                         
NC	3701	14227676034	414257294	    5493.337	     159.946	 36.111910	 -77.500901                                                                                                                          
NC	3702	8409234752	128676543	    3246.824	      49.682	 35.445754	 -79.297226                                                                                                                           
NC	3703	20228655381	10851829652	    7810.328	    4189.915	 35.405786	 -76.629674                                                                                                                        
NC	3704	2707773493	56103916	    1045.477	      21.662	 35.624320	 -78.995145                                                                                                                            
NC	3705	9251133393	64390794	    3571.883	      24.861	 36.145080	 -80.960593                                                                                                                            
NC	3706	9516332615	147995262	    3674.277	      57.141	 36.310420	 -79.678378                                                                                                                           
NC	3707	15962355528	1123713110	    6163.100	     433.868	 34.688305	 -78.319958                                                                                                                         
NC	3708	11685622970	169715196	    4511.844	      65.527	 35.122447	 -79.960941                                                                                                                          
NC	3709	2218364564	116829570	     856.515	      45.108	 35.379633	 -80.838403                                                                                                                           
NC	3710	6669523132	101611536	    2575.117	      39.232	 35.439187	 -81.629360                                                                                                                           
NC	3711	17710962233	191335184	    6838.241	      73.875	 35.553222	 -82.787554                                                                                                                          
NC	3712	1424086045	18955910	     549.843	       7.319	 35.646262	 -80.442471                                                                                                                            
NC	3713	5906372694	87134848	    2280.463	      33.643	 35.783220	 -78.212810                                                                                                                            
ND	3800	178711991307	4398999691	   69001.089	    1698.463	 47.442170	-100.460816                                                                                                                        
OH	3901	1779250489	26627555	     686.972	      10.281	 39.336079	 -84.346772                                                                                                                            
OH	3902	8343984222	77250488	    3221.630	      29.827	 39.018868	 -83.551946                                                                                                                            
OH	3903	590662417	11211751	     228.056	       4.329	 39.966207	 -82.947495                                                                                                                             
OH	3904	12082200183	122466513	    4664.964	      47.285	 40.387175	 -83.935703                                                                                                                          
OH	3905	14572482294	72238678	    5626.467	      27.892	 41.155751	 -84.044789                                                                                                                           
OH	3906	18686415337	202098705	    7214.866	      78.031	 39.771409	 -81.575039                                                                                                                          
OH	3907	10009771518	64676659	    3864.795	      24.972	 40.481163	 -82.392918                                                                                                                           
OH	3908	6346923033	40176664	    2450.561	      15.512	 39.899503	 -84.160806                                                                                                                            
OH	3909	1203433223	4312230708	     464.648	    1664.962	 41.403253	 -82.548119                                                                                                                          
OH	3910	2926088188	15298289	    1129.769	       5.907	 39.701363	 -83.958697                                                                                                                            
OH	3911	633330868	1310790085	     244.530	     506.099	 41.613250	 -81.531037                                                                                                                           
OH	3912	5884524481	76565092	    2272.028	      29.562	 40.239323	 -82.613677                                                                                                                            
OH	3913	2316332541	70035044	     894.341	      27.041	 41.149630	 -80.978697                                                                                                                            
OH	3914	5060012471	3734225462	    1953.682	    1441.793	 41.751164	 -81.019475                                                                                                                          
OH	3915	12274022119	99412530	    4739.027	      38.383	 39.577860	 -82.756205                                                                                                                           
OH	3916	3121946601	31001538	    1205.390	      11.970	 40.982155	 -81.740604                                                                                                                            
OK	4001	4226104901	143411697	    1631.708	      55.372	 36.211741	 -95.789582                                                                                                                           
OK	4002	54379812758	1950614933	   20996.164	     753.137	 35.143303	 -95.441772                                                                                                                         
OK	4003	88362563246	813197765	   34116.978	     313.977	 36.107069	 -98.839765                                                                                                                          
OK	4004	25323181645	407769657	    9777.336	     157.441	 34.586592	 -97.750131                                                                                                                          
OK	4005	5371380475	59056719	    2073.902	      22.802	 35.307879	 -96.989604                                                                                                                            
OR	4101	7788193458	770381732	    3007.038	     297.446	 45.721199	-123.341271                                                                                                                           
OR	4102	179856895770	1902717547	   69443.139	     734.643	 43.837494	-119.596850                                                                                                                        
OR	4103	2782975803	82810362	    1074.513	      31.973	 45.389998	-122.199090                                                                                                                            
OR	4104	44742395292	2227325925	   17275.136	     859.975	 43.490431	-123.245543                                                                                                                         
OR	4105	13438318567	1207536256	    5188.564	     466.232	 45.028365	-123.195164                                                                                                                         
PA	4201	202032462	30932445	      78.005	      11.943	 39.927735	 -75.214285                                                                                                                             
PA	4202	192027437	3460343	      74.142	       1.336	 40.015162	 -75.222197                                                                                                                              
PA	4203	9973638772	2115958030	    3850.844	     816.976	 41.407608	 -80.003557                                                                                                                          
PA	4204	3931313199	41441032	    1517.889	      16.000	 39.921856	 -76.911616                                                                                                                            
PA	4205	27742738757	213229360	   10711.532	      82.328	 41.387174	 -78.570677                                                                                                                          
PA	4206	2228751201	29628414	     860.526	      11.440	 40.060122	 -75.634489                                                                                                                            
PA	4207	2233888247	21404312	     862.509	       8.264	 39.898092	 -75.921780                                                                                                                            
PA	4208	1831099436	49241182	     706.991	      19.012	 40.336080	 -75.151155                                                                                                                            
PA	4209	14840774817	94924656	    5730.055	      36.651	 40.141578	 -78.673654                                                                                                                           
PA	4210	21698029750	298832373	    8377.656	     115.380	 41.372693	 -76.523189                                                                                                                          
PA	4211	8693348304	193080454	    3356.521	      74.549	 40.881389	 -76.451760                                                                                                                           
PA	4212	5602307611	59304564	    2163.063	      22.898	 40.428412	 -79.486500                                                                                                                            
PA	4213	401885238	2643777	     155.169	       1.021	 40.124002	 -75.159535                                                                                                                              
PA	4214	542048505	26842230	     209.286	      10.364	 40.432541	 -79.905696                                                                                                                             
PA	4215	3328124890	33967140	    1284.996	      13.115	 40.529197	 -75.962630                                                                                                                            
PA	4216	2583911637	105135750	     997.654	      40.593	 40.020882	 -76.213198                                                                                                                           
PA	4217	4489061946	59182222	    1733.237	      22.850	 40.885497	 -75.797088                                                                                                                            
PA	4218	5368517143	17435303	    2072.796	       6.732	 40.170535	 -80.027517                                                                                                                            
RI	4401	695404707	628696553	     268.497	     242.741	 41.630677	 -71.328672                                                                                                                            
RI	4402	1982354906	694777592	     765.392	     268.255	 41.569601	 -71.615514                                                                                                                           
SC	4501	4009015627	2197030776	    1547.890	     848.278	 32.714063	 -80.160624                                                                                                                          
SC	4502	7828035043	225626053	    3022.421	      87.115	 33.633062	 -81.379289                                                                                                                           
SC	4503	13644928825	518870465	    5268.337	     200.337	 34.363867	 -82.338204                                                                                                                          
SC	4504	3365082966	44755518	    1299.266	      17.280	 34.941701	 -82.170156                                                                                                                            
SC	4505	14259581170	265569396	    5505.655	     102.537	 34.530228	 -81.010938                                                                                                                          
SC	4506	20883164570	863195414	    8063.035	     333.282	 33.208208	 -80.523987                                                                                                                          
SC	4507	13868489363	959318434	    5354.654	     370.395	 34.083478	 -79.498848                                                                                                                          
SD	4600	196349394266	3379810671	   75810.928	    1304.952	 44.446796	-100.238176                                                                                                                        
TN	4701	10727776894	207561390	    4142.018	      80.140	 36.212501	 -82.799917                                                                                                                          
TN	4702	6012643682	279133843	    2321.495	     107.774	 36.050326	 -83.821199                                                                                                                           
TN	4703	11837020194	372481465	    4570.299	     143.816	 35.761646	 -84.509444                                                                                                                          
TN	4704	15500289213	241901116	    5984.695	      93.399	 35.262145	 -86.628878                                                                                                                          
TN	4705	3233297566	72166636	    1248.383	      27.864	 36.187331	 -87.074025                                                                                                                            
TN	4706	16769383649	325257503	    6474.696	     125.583	 36.194771	 -85.778434                                                                                                                          
TN	4707	23725054173	416736965	    9160.295	     160.903	 35.633387	 -87.833347                                                                                                                          
TN	4708	17742770435	382978546	    6850.522	     147.869	 35.850861	 -89.101830                                                                                                                          
TN	4709	1251946135	54609411	     483.379	      21.085	 35.167634	 -89.978861                                                                                                                            
TX	4801	20379600524	951809925	    7868.608	     367.496	 31.951678	 -94.552046                                                                                                                          
TX	4802	799720228	54789647	     308.774	      21.154	 30.047369	 -95.178292                                                                                                                             
TX	4803	1245609118	97780944	     480.932	      37.753	 33.159406	 -96.613072                                                                                                                            
TX	4804	26237677155	1010363159	   10130.424	     390.103	 33.298288	 -95.418063                                                                                                                         
TX	4805	13064428483	494102314	    5044.204	     190.774	 32.225795	 -95.731668                                                                                                                          
TX	4806	5564763518	255717101	    2148.567	      98.733	 32.235054	 -96.665879                                                                                                                           
TX	4807	419730021	3144993	     162.059	       1.214	 29.724165	 -95.500307                                                                                                                              
TX	4808	15680137801	412776273	    6054.135	     159.374	 30.833241	 -95.543603                                                                                                                          
TX	4809	429172558	5210296	     165.704	       2.012	 29.645470	 -95.494207                                                                                                                              
TX	4810	13135231447	185876901	    5071.541	      71.767	 29.976625	 -96.592155                                                                                                                          
TX	4811	72085445748	573570932	   27832.347	     221.457	 31.732293	-100.063696                                                                                                                          
TX	4812	3732596186	86674036	    1441.164	      33.465	 32.821179	 -97.664511                                                                                                                            
TX	4813	99325308090	766222982	   38349.717	     295.840	 34.837689	-100.597872                                                                                                                          
TX	4814	6324922468	2551227886	    2442.066	     985.035	 29.433717	 -94.892695                                                                                                                          
TX	4815	20212567211	154626758	    7804.116	      59.702	 27.750011	 -98.263411                                                                                                                          
TX	4816	1840228113	3691978	     710.516	       1.425	 31.910803	-106.310424                                                                                                                             
TX	4817	19816654953	308022636	    7651.254	     118.928	 31.153602	 -96.665768                                                                                                                          
TX	4818	609345587	4419928	     235.270	       1.707	 29.818550	 -95.253575                                                                                                                              
TX	4819	66914092826	282504947	   25835.677	     109.076	 33.245290	-101.209738                                                                                                                          
TX	4820	517193676	1485839	     199.690	       0.574	 29.474317	 -98.622461                                                                                                                              
TX	4821	15335041906	91792231	    5920.893	      35.441	 30.057890	 -98.975368                                                                                                                           
TX	4822	2677364772	60510841	    1033.736	      23.363	 29.510717	 -95.677395                                                                                                                            
TX	4823	150372534602	449356467	   58059.163	     173.498	 30.389210	-102.326756                                                                                                                         
TX	4824	680645100	23184756	     262.799	       8.952	 32.919473	 -97.012724                                                                                                                             
TX	4825	19742159194	316389931	    7622.491	     122.159	 31.500791	 -97.815913                                                                                                                          
TX	4826	2349631043	191542824	     907.198	      73.955	 33.184615	 -97.134173                                                                                                                           
TX	4827	23622537439	4536906806	    9120.713	    1751.710	 28.782994	 -96.841407                                                                                                                         
TX	4828	24291224380	299389839	    9378.895	     115.595	 27.848634	 -98.913612                                                                                                                          
TX	4829	484457250	10436501	     187.050	       4.030	 29.688161	 -95.199807                                                                                                                             
TX	4830	922873505	32981424	     356.323	      12.734	 32.658621	 -96.799009                                                                                                                             
TX	4831	5579807939	136790956	    2154.376	      52.815	 30.828818	 -97.535412                                                                                                                           
TX	4832	484486531	31838376	     187.061	      12.293	 32.920383	 -96.653636                                                                                                                             
TX	4833	548947579	16596620	     211.950	       6.408	 32.756444	 -97.106948                                                                                                                             
TX	4834	21214043423	3364150775	    8190.788	    1298.906	 26.773816	 -97.925366                                                                                                                         
TX	4835	1537892540	19684204	     593.784	       7.600	 29.915524	 -97.884094                                                                                                                            
TX	4836	18456322847	1241890366	    7126.026	     479.497	 30.429193	 -94.431490                                                                                                                         
UT	4901	50651765020	3222708814	   19556.757	    1244.295	 40.960477	-111.332728                                                                                                                         
UT	4902	103638076153	2945583941	   40014.887	    1137.296	 38.744947	-112.553127                                                                                                                        
UT	4903	51991590524	457501023	   20074.066	     176.642	 38.696764	-110.216402                                                                                                                          
UT	4904	6603580737	374142687	    2549.657	     144.457	 39.879317	-111.844453                                                                                                                           
VT	5000	23872224593	1034382802	    9217.118	     399.377	 44.060479	 -72.673327                                                                                                                         
VA	5101	9542309067	2192254635	    3684.306	     846.434	 37.845478	 -76.911613                                                                                                                          
VA	5102	2570965335	4674373082	     992.655	    1804.786	 37.407764	 -75.887529                                                                                                                          
VA	5103	2453495533	548366464	     947.300	     211.725	 37.213528	 -76.951135                                                                                                                           
VA	5104	11164129653	180037484	    4310.495	      69.513	 36.974562	 -77.306800                                                                                                                          
VA	5105	25978125712	391512916	   10030.211	     151.164	 37.332342	 -78.723558                                                                                                                          
VA	5106	15357993814	105180378	    5929.755	      40.610	 38.136543	 -79.199254                                                                                                                          
VA	5107	7190981166	170813356	    2776.453	      65.951	 37.968040	 -77.746530                                                                                                                           
VA	5108	386530038	28921796	     149.240	      11.167	 38.779558	 -77.139504                                                                                                                             
VA	5109	23605159061	154525039	    9114.003	      59.662	 37.000835	 -81.325055                                                                                                                          
VA	5110	3553763018	35974470	    1372.116	      13.890	 39.075898	 -77.856484                                                                                                                            
VA	5111	479535989	21593862	     185.150	       8.337	 38.791316	 -77.294291                                                                                                                             
WA	5301	16022151732	1095021326	    6186.188	     422.790	 48.367489	-121.657912                                                                                                                         
WA	5302	2629115311	2689486228	    1015.107	    1038.416	 48.372848	-122.625916                                                                                                                          
WA	5303	23605486524	1212123418	    9114.130	     468.003	 46.270751	-122.262160                                                                                                                         
WA	5304	49858115741	807517049	   19250.327	     311.784	 47.294627	-119.707178                                                                                                                          
WA	5305	40075236172	598819872	   15473.136	     231.206	 47.573205	-117.867549                                                                                                                          
WA	5306	17878855764	5089870747	    6903.065	    1965.210	 47.638847	-123.550926                                                                                                                         
WA	5307	373037824	340660751	     144.031	     131.530	 47.578426	-122.391357                                                                                                                            
WA	5308	19062432118	368571687	    7360.047	     142.306	 47.362367	-121.039403                                                                                                                          
WA	5309	475344959	104685434	     183.532	      40.419	 47.457122	-122.261289                                                                                                                            
WA	5310	2141250199	233336680	     826.741	      90.092	 47.041722	-122.755815                                                                                                                           
WV	5401	16254295416	176409446	    6275.819	      68.112	 39.381986	 -80.268497                                                                                                                          
WV	5402	20771304990	121228518	    8019.846	      46.807	 38.838754	 -80.173761                                                                                                                          
WV	5403	25240977193	191831525	    9745.596	      74.067	 37.991169	 -81.218273                                                                                                                          
WI	5501	4475418306	2524257850	    1727.969	     974.621	 42.695215	 -88.046395                                                                                                                          
WI	5502	11750220587	189203227	    4536.786	      73.052	 42.984295	 -89.750866                                                                                                                          
WI	5503	28779745101	827068899	   11111.922	     319.333	 44.056297	 -90.891748                                                                                                                          
WI	5504	332656367	2454584430	     128.439	     947.720	 42.908395	 -87.843373                                                                                                                           
WI	5505	4897055602	165097243	    1890.764	      63.744	 43.199589	 -88.531462                                                                                                                           
WI	5506	12739210946	7318114833	    4918.637	    2825.540	 43.779244	 -88.274423                                                                                                                         
WI	5507	59666388405	7706029593	   23037.322	    2975.315	 45.698997	 -90.655335                                                                                                                         
WI	5508	17628788869	8181086532	    6806.514	    3158.735	 44.831256	 -87.936811                                                                                                                         
WY	5600	251465042238	1861255811	   97091.200	     718.635	 42.991802	-107.541925                                                                                                                        
PR	7298	8867867645	4923406204	    3423.903	    1900.938	 18.217648	 -66.410799                                                                                                                          
